0.000010 0.000010 0.999980
0.000010 0.000010 0.999980
0.000010 0.000010 0.999980
0.000010 0.000010 0.999980
0.017327 0.007605 0.975068
0.000010 0.000010 0.999980
0.000010 0.000010 0.999980
0.000010 0.000010 0.999980
0.000010 0.000010 0.999980
0.000010 0.000010 0.999980
0.000010 0.000010 0.999980
0.000010 0.021485 0.978505
0.098495 0.055275 0.846230
0.000010 0.000010 0.999980
0.000010 0.999980 0.000010
0.000010 0.999980 0.000010
0.000010 0.999980 0.000010
0.000010 0.999980 0.000010
0.000010 0.999980 0.000010
0.000010 0.999980 0.000010
0.123650 0.845526 0.030824
0.126447 0.842567 0.030986
0.145499 0.833578 0.020923
0.125619 0.817805 0.056576
0.125998 0.863563 0.010439
0.146576 0.816679 0.036745
0.158240 0.834206 0.007554
0.134814 0.856178 0.009008
0.153117 0.402676 0.444207
0.184283 0.384702 0.431015
0.136829 0.375918 0.487253
0.161476 0.406220 0.432303
0.139928 0.412616 0.447456
0.170172 0.408861 0.420967
0.144930 0.389689 0.465380
0.143631 0.393012 0.463356
0.154379 0.402105 0.443516
0.132500 0.398454 0.469047
0.143376 0.400655 0.455969
0.154206 0.390020 0.455774
0.158575 0.406672 0.434753
0.183323 0.381081 0.435596
0.154383 0.387610 0.458007
0.160719 0.369494 0.469787
0.157304 0.416845 0.425851
0.163677 0.393971 0.442352
0.162171 0.374920 0.462909
0.127680 0.402920 0.469400
0.143447 0.385509 0.471045
0.142928 0.379099 0.477973
0.164573 0.427587 0.407839
0.112558 0.419621 0.467822
0.175893 0.394429 0.429679
0.172254 0.400601 0.427144
0.116709 0.796049 0.087242
0.272291 0.580532 0.147177
0.091504 0.857324 0.051172
0.413260 0.415864 0.170876
0.266244 0.562709 0.171047
0.183379 0.727018 0.089603
0.070981 0.880498 0.048521
0.276618 0.568314 0.155068
0.272596 0.533274 0.194130
0.208396 0.706607 0.084997
0.083176 0.857577 0.059246
0.146823 0.714311 0.138866
0.150088 0.380850 0.469062
0.173520 0.384283 0.442197
0.154593 0.714900 0.130507
0.054062 0.878326 0.067612
0.164341 0.741304 0.094355
0.309867 0.499926 0.190207
0.280266 0.556146 0.163588
0.082626 0.844246 0.073128
0.205736 0.667845 0.126418
0.079202 0.860114 0.060685
0.097356 0.813968 0.088676
0.108600 0.852023 0.039377
0.179084 0.670219 0.150697
0.170368 0.383249 0.446383
0.312392 0.504497 0.183111
0.158654 0.710498 0.130848
0.249004 0.644276 0.106721
0.110549 0.810331 0.079120
0.072565 0.850515 0.076920
0.268697 0.572331 0.158972
0.179080 0.693923 0.126996
0.175377 0.722877 0.101746
0.333966 0.457835 0.208199
0.307860 0.552227 0.139913
0.209876 0.699206 0.090918
0.304631 0.587062 0.108306
0.239191 0.690899 0.069910
0.232159 0.664977 0.102864
0.307583 0.570296 0.122121
0.269003 0.601547 0.129451
0.215663 0.665717 0.118620
0.305278 0.583671 0.111051
0.224725 0.689351 0.085924
0.349304 0.544046 0.106649
0.623051 0.334764 0.042185
0.687297 0.296626 0.016077
0.653137 0.316529 0.030334
0.970070 0.029920 0.000010
0.702235 0.269366 0.028399
0.671341 0.306255 0.022404
0.638810 0.361180 0.000010
0.669513 0.327991 0.002496
0.312585 0.589902 0.097513
0.653641 0.328786 0.017573
0.232603 0.706941 0.060456
0.260578 0.684708 0.054714
0.237642 0.704015 0.058344
0.265288 0.686531 0.048181
0.211069 0.725911 0.063020
0.219536 0.728235 0.052228
0.241822 0.720113 0.038064
0.243699 0.702287 0.054014
0.258067 0.703999 0.037934
0.234672 0.711539 0.053788
0.133245 0.004366 0.862388
0.268920 0.189013 0.542067
0.188939 0.128485 0.682576
0.163523 0.066210 0.770267
0.175114 0.124565 0.700321
0.237278 0.178954 0.583768
0.150626 0.130728 0.718646
0.056047 0.012537 0.931417
0.246750 0.207104 0.546146
0.224937 0.194931 0.580131
0.264647 0.222581 0.512773
0.266262 0.192915 0.540823
0.232252 0.187940 0.579808
0.243622 0.183094 0.573284
0.210526 0.178608 0.610866
0.206736 0.208577 0.584687
0.237722 0.173993 0.588286
0.217971 0.178038 0.603991
0.307477 0.271527 0.420996
0.301634 0.364865 0.333501
0.355235 0.294952 0.349813
0.296243 0.317462 0.386295
0.287787 0.322373 0.389840
0.331245 0.333602 0.335153
0.222248 0.257527 0.520225
0.141385 0.095932 0.762683
0.077182 0.110990 0.811828
0.254109 0.246180 0.499711
0.232372 0.271002 0.496626
0.092609 0.084359 0.823031
0.212580 0.245810 0.541610
0.157983 0.168265 0.673752
0.303979 0.256637 0.439384
0.285186 0.252487 0.462327
0.262524 0.274707 0.462769
0.308849 0.253586 0.437565
0.276126 0.300365 0.423509
0.303449 0.247397 0.449154
0.312750 0.284521 0.402729
0.382810 0.406195 0.210994
0.378512 0.414040 0.207449
0.372648 0.414281 0.213070
0.385847 0.412757 0.201395
0.382630 0.409931 0.207439
0.372083 0.414682 0.213235
0.369674 0.413121 0.217205
0.330776 0.485716 0.183508
0.417666 0.387999 0.194335
0.378820 0.391681 0.229499
0.035514 0.964476 0.000010
0.016106 0.979482 0.004412
0.000010 0.999980 0.000010
0.000010 0.999980 0.000010
0.010721 0.989269 0.000010
0.000010 0.999980 0.000010
0.011905 0.988085 0.000010
0.029618 0.970372 0.000010
0.000010 0.997102 0.002888
0.000010 0.999980 0.000010
0.278362 0.721628 0.000010
0.210632 0.789358 0.000010
0.273438 0.726552 0.000010
0.222316 0.777674 0.000010
0.221359 0.778631 0.000010
0.226976 0.773014 0.000010
0.254197 0.745793 0.000010
0.275657 0.718687 0.005656
0.154837 0.774931 0.070232
0.186384 0.722219 0.091397
0.163001 0.717018 0.119981
0.176506 0.745321 0.078173
0.185116 0.752269 0.062615
0.181202 0.744312 0.074487
0.146266 0.758948 0.094786
0.177868 0.736622 0.085510
0.206843 0.743410 0.049747
0.163209 0.742259 0.094532
0.570449 0.354255 0.075296
0.588966 0.346011 0.065023
0.633124 0.328018 0.038858
0.669540 0.286162 0.044298
0.659003 0.302707 0.038290
0.678000 0.297451 0.024549
0.688181 0.259091 0.052728
0.670781 0.277907 0.051311
0.672857 0.302032 0.025110
0.000010 0.976725 0.023265
0.000010 0.999980 0.000010
0.000010 0.999980 0.000010
0.000010 0.992923 0.007067
0.000010 0.999980 0.000010
0.000010 0.999980 0.000010
0.000010 0.999980 0.000010
0.000010 0.999980 0.000010
0.000010 0.999980 0.000010
0.350162 0.435497 0.214341
0.211155 0.411662 0.377184
0.242807 0.409429 0.347764
0.252979 0.399631 0.347390
0.226480 0.391802 0.381718
0.208505 0.416802 0.374692
0.049009 0.920562 0.030429
0.094056 0.891514 0.014430
0.079741 0.897289 0.022971
0.062973 0.890335 0.046691
0.076617 0.897858 0.025525
0.100191 0.877297 0.022512
0.055521 0.901591 0.042887
0.066595 0.905935 0.027470
0.198216 0.743906 0.057878
0.058311 0.922035 0.019654
0.206196 0.735357 0.058447
0.166774 0.750595 0.082632
0.232310 0.703807 0.063882
0.168112 0.744462 0.087426
0.195753 0.735132 0.069115
0.008591 0.054990 0.936419
0.000010 0.000010 0.999980
0.000010 0.000010 0.999980
0.000010 0.000010 0.999980
0.000010 0.000010 0.999980
0.000012 0.000010 0.999978
0.000011 0.000010 0.999979
0.000010 0.000010 0.999980
0.000010 0.000010 0.999980
0.000010 0.000010 0.999980
0.000010 0.000010 0.999980
0.539951 0.299205 0.160844
0.000010 0.999980 0.000010
0.186884 0.710078 0.103037
0.063538 0.919897 0.016565
0.493710 0.325169 0.181121
0.000010 0.999980 0.000010
0.175587 0.726901 0.097513
0.003218 0.996772 0.000010
0.586064 0.283223 0.130713
0.000010 0.999980 0.000010
0.129156 0.795279 0.075565
0.000010 0.999980 0.000010
0.505623 0.331717 0.162660
0.061946 0.938044 0.000010
0.132622 0.815721 0.051657
0.016457 0.965128 0.018416
0.713265 0.190534 0.096201
0.004146 0.995844 0.000010
0.049569 0.885361 0.065070
0.000010 0.996018 0.003972
0.000010 0.999980 0.000010
0.103696 0.829589 0.066715
0.008714 0.970943 0.020343
0.000010 0.999980 0.000010
0.115133 0.806976 0.077892
0.031551 0.968439 0.000010
0.099278 0.858711 0.042012
0.050911 0.949079 0.000010
0.358119 0.441948 0.199933
0.112596 0.887394 0.000010
0.349219 0.431285 0.219496
0.044556 0.951476 0.003968
0.377189 0.381979 0.240832
0.027338 0.972652 0.000010
0.341295 0.435099 0.223605
0.185871 0.734436 0.079694
0.356862 0.429867 0.213271
0.120591 0.812813 0.066596
0.246686 0.615083 0.138230
0.062123 0.937867 0.000010
0.249758 0.614544 0.135699
0.039729 0.960261 0.000010
0.249958 0.625331 0.124711
0.284196 0.584029 0.131776
0.232002 0.623277 0.144721
0.313238 0.527715 0.159047
0.250338 0.560412 0.189250
0.294291 0.522623 0.183085
0.274562 0.553768 0.171670
0.322733 0.480412 0.196854
0.285362 0.573995 0.140642
0.295609 0.554020 0.150371
0.000010 0.999980 0.000010
0.000010 0.999980 0.000010
0.000010 0.999980 0.000010
0.000010 0.973565 0.026425
0.000010 0.999980 0.000010
0.064600 0.871297 0.064104
0.091973 0.908017 0.000010
0.296895 0.549630 0.153475
0.000010 0.999980 0.000010
0.090936 0.909054 0.000010
0.311342 0.482879 0.205780
0.000010 0.999980 0.000010
0.110423 0.878580 0.010997
0.999980 0.000010 0.000010
0.396074 0.412863 0.191063
0.000010 0.999980 0.000010
0.080492 0.919498 0.000010
0.999980 0.000010 0.000010
0.395057 0.428700 0.176243
0.022672 0.969612 0.007716
0.146323 0.853667 0.000010
0.999980 0.000010 0.000010
0.405670 0.370110 0.224220
0.010505 0.988767 0.000729
0.176515 0.803199 0.020286
0.996229 0.000010 0.003761
0.370557 0.368647 0.260795
0.000010 0.999980 0.000010
0.091063 0.908927 0.000010
0.999980 0.000010 0.000010
0.353464 0.429420 0.217115
0.000012 0.999978 0.000010
0.093334 0.906656 0.000010
0.999980 0.000010 0.000010
0.412523 0.375837 0.211640
0.000010 0.999980 0.000010
0.062187 0.937803 0.000010
0.999980 0.000010 0.000010
0.380920 0.383034 0.236045
0.021781 0.930260 0.047959
0.007572 0.992418 0.000010
0.999980 0.000010 0.000010
0.356363 0.421527 0.222110
0.006128 0.976963 0.016910
0.000010 0.999980 0.000010
0.992702 0.000010 0.007288
0.346719 0.535438 0.117844
0.000010 0.999980 0.000010
0.000010 0.999980 0.000010
0.999980 0.000010 0.000010
0.245211 0.645342 0.109447
0.879430 0.082162 0.038408
0.760083 0.135638 0.104278
0.992806 0.000010 0.007184
0.327660 0.546996 0.125344
0.896843 0.035556 0.067601
0.996087 0.000010 0.003903
0.252818 0.591857 0.155326
0.881823 0.041400 0.076777
0.999980 0.000010 0.000010
0.261385 0.644589 0.094026
0.841271 0.029621 0.129108
0.999980 0.000010 0.000010
0.245018 0.636011 0.118971
0.825607 0.027345 0.147048
0.999980 0.000010 0.000010
0.265471 0.641938 0.092591
0.852255 0.027597 0.120148
0.998464 0.000010 0.001526
0.999980 0.000010 0.000010
0.999980 0.000010 0.000010
0.739986 0.106824 0.153191
0.999980 0.000010 0.000010
0.862533 0.023660 0.113807
0.999980 0.000010 0.000010
0.272646 0.579754 0.147600
0.859388 0.024758 0.115854
0.999980 0.000010 0.000010
0.279692 0.574282 0.146026
0.019175 0.921092 0.059734
0.544507 0.288433 0.167061
0.954374 0.000010 0.045616
0.257242 0.579872 0.162886
0.146786 0.749134 0.104080
0.758777 0.241213 0.000010
0.998645 0.000010 0.001345
0.274789 0.537354 0.187857
0.061310 0.908486 0.030205
0.746289 0.253701 0.000010
0.999980 0.000010 0.000010
0.240507 0.633330 0.126163
0.000010 0.998934 0.001056
0.999980 0.000010 0.000010
0.954445 0.000010 0.045545
0.000010 0.999980 0.000010
0.999980 0.000010 0.000010
0.998695 0.000010 0.001295
0.985064 0.014926 0.000010
0.030490 0.939560 0.029949
0.999980 0.000010 0.000010
0.999980 0.000010 0.000010
0.458871 0.421246 0.119883
0.012256 0.976601 0.011143
0.868665 0.128293 0.003042
0.999980 0.000010 0.000010
0.276333 0.623695 0.099973
0.014028 0.985962 0.000010
0.963032 0.036958 0.000010
0.999980 0.000010 0.000010
0.999980 0.000010 0.000010
0.999980 0.000010 0.000010
0.999457 0.000010 0.000533
0.911667 0.072196 0.016137
0.999980 0.000010 0.000010
0.999980 0.000010 0.000010
0.925791 0.074199 0.000010
0.999980 0.000010 0.000010
0.986026 0.000010 0.013964
0.312096 0.547931 0.139973
0.831565 0.168425 0.000010
0.999980 0.000010 0.000010
0.959730 0.000010 0.040260
0.280231 0.685910 0.033858
0.999980 0.000010 0.000010
0.999980 0.000010 0.000010
0.430469 0.483215 0.086316
0.907261 0.050643 0.042097
0.550145 0.395077 0.054778
0.999980 0.000010 0.000010
0.994912 0.005078 0.000010
0.756146 0.062965 0.180889
0.698562 0.270835 0.030603
0.999980 0.000010 0.000010
0.833165 0.032992 0.133844
0.472773 0.473941 0.053286
0.999980 0.000010 0.000010
0.872154 0.053656 0.074191
0.999980 0.000010 0.000010
0.999980 0.000010 0.000010
0.876255 0.042052 0.081693
0.925109 0.074881 0.000010
0.999980 0.000010 0.000010
0.793904 0.101137 0.104959
0.455273 0.501065 0.043662
0.999872 0.000118 0.000010
0.608992 0.217333 0.173675
0.999980 0.000010 0.000010
0.989569 0.000010 0.010421
0.824481 0.067838 0.107681
0.999980 0.000010 0.000010
0.999980 0.000010 0.000010
0.887111 0.023055 0.089834
0.686464 0.283191 0.030345
0.999980 0.000010 0.000010
0.917591 0.026008 0.056402
0.701818 0.279886 0.018296
0.999980 0.000010 0.000010
0.918877 0.020904 0.060220
0.999980 0.000010 0.000010
0.999980 0.000010 0.000010
0.999980 0.000010 0.000010
0.880024 0.119966 0.000010
0.054438 0.924687 0.020875
0.999980 0.000010 0.000010
0.107409 0.892581 0.000010
0.099071 0.874318 0.026611
0.307571 0.575302 0.117127
0.006847 0.993143 0.000010
0.128423 0.848432 0.023146
0.355608 0.536627 0.107765
0.905193 0.015765 0.079041
0.047587 0.952403 0.000010
0.126500 0.860080 0.013419
0.999980 0.000010 0.000010
0.819024 0.056799 0.124177
0.034573 0.965417 0.000010
0.125817 0.839138 0.035045
0.809456 0.076511 0.114033
0.148932 0.816531 0.034537
0.032605 0.967385 0.000010
0.078010 0.899763 0.022227
0.070622 0.908371 0.021007
0.039385 0.960605 0.000010
0.159002 0.790000 0.050998
0.075736 0.876895 0.047369
0.052578 0.947412 0.000010
0.266686 0.642622 0.090692
0.036516 0.953564 0.009920
0.039288 0.960702 0.000010
0.269290 0.628428 0.102282
0.036755 0.931013 0.032231
0.055960 0.944030 0.000010
0.240373 0.659262 0.100365
0.000010 0.999980 0.000010
0.066112 0.933878 0.000010
0.191593 0.734710 0.073696
0.000010 0.999980 0.000010
0.000010 0.999980 0.000010
0.200226 0.697192 0.102582
0.009050 0.990940 0.000010
0.005227 0.994763 0.000010
0.174853 0.683473 0.141673
0.059623 0.916450 0.023927
0.000010 0.999980 0.000010
0.204889 0.676413 0.118698
0.019492 0.980498 0.000010
0.061905 0.920947 0.017148
0.000010 0.999980 0.000010
0.000010 0.999980 0.000010
0.000010 0.999980 0.000010
0.000010 0.999980 0.000010
0.000010 0.999980 0.000010
0.000010 0.999980 0.000010
0.009532 0.990458 0.000010
0.035150 0.960084 0.004765
0.028911 0.971079 0.000010
0.000010 0.999980 0.000010
0.000012 0.999978 0.000010
0.000010 0.999980 0.000010
